3
6,15|6,15|6,15|6,15|6,15|6,15|6,15|6,15|6,15|6,15|6,15|6,15|6,15|6,15|6,15|6,15|6,15|6,15|6,15|6,15|6,15|3,11|9,10|11,9|11,9|8,11|6,15|6,15|6,15|6,15|6,15|6,15|6,15|6,15|6,15|6,15|6,15|6,15|6,15|6,15|6,15|6,15|6,15|6,15|6,15|6,15|6,15|6,15|6,15|6,15|6,15|6,15|6,15|6,15|6,15|6,15|6,15|6,15|6,15|6,15|6,15|6,15|6,15|6,15|6,15|6,15|6,15|6,15|6,15|6,15|6,15|6,15|6,15|6,15|6,15|6,15|6,15|6,15|6,15|6,15|6,15|6,15|6,15|6,15|6,15|6,15|6,15|6,15|6,15|6,15|6,15|6,15|6,15|6,15|6,15|6,15|6,15|6,15|6,15|6,15|6,15|0,11|10,9|10,9|8,11|6,15|6,15|6,15|6,15|6,15|6,15|6,15|6,15|6,15|6,15|6,15|6,15|6,15|6,15|6,15|6,15|6,15|6,15|6,15|6,15|6,15|6,15|6,15|6,15|6,15|
6,15|6,15|6,15|6,15|6,15|6,15|6,15|6,15|6,15|6,15|6,15|6,15|6,15|6,15|6,15|6,15|6,15|6,15|6,15|6,15|4,11|10,10|11,9|5,11|15,11|18,11|6,15|6,15|6,15|6,15|6,15|6,15|6,15|6,15|6,15|6,15|6,15|6,15|6,15|6,15|6,15|6,15|6,15|6,15|6,15|6,15|6,15|6,15|6,15|6,15|6,15|6,15|6,15|6,15|6,15|6,15|6,15|6,15|6,15|6,15|6,15|6,15|6,15|6,15|6,15|6,15|6,15|6,15|6,15|6,15|6,15|6,15|6,15|6,15|6,15|6,15|6,15|6,15|6,15|6,15|6,15|6,15|6,15|6,15|6,15|6,15|6,15|6,15|6,15|6,15|6,15|6,15|6,15|6,15|6,15|6,15|6,15|6,15|6,15|6,15|6,15|18,10|10,9|10,9|9,11|6,15|6,15|6,15|6,15|6,15|6,15|6,15|6,15|6,15|6,15|6,15|6,15|6,15|6,15|6,15|6,15|6,15|6,15|6,15|6,15|6,15|6,15|6,15|6,15|6,15|
6,15|6,15|6,15|6,15|6,15|6,15|6,15|6,15|6,15|6,15|6,15|6,15|6,15|6,15|6,15|6,15|6,15|6,15|6,15|6,15|18,10|11,9|11,9|9,11|6,15|6,15|6,15|6,15|6,15|6,15|6,15|6,15|6,15|6,15|6,15|6,15|6,15|6,15|6,15|6,15|6,15|6,15|6,15|6,15|6,15|6,15|6,15|6,15|6,15|6,15|6,15|6,15|6,15|6,15|6,15|6,15|6,15|6,15|6,15|6,15|6,15|6,15|6,15|6,15|6,15|6,15|6,15|6,15|6,15|6,15|6,15|6,15|6,15|6,15|6,15|6,15|6,15|6,15|6,15|6,15|6,15|6,15|6,15|6,15|6,15|6,15|6,15|6,15|6,15|6,15|6,15|6,15|6,15|6,15|6,15|6,15|6,15|6,15|6,15|6,15|6,15|18,10|10,9|10,9|10,11|6,15|6,15|6,15|6,15|3,11|15,10|13,10|13,10|15,10|14,10|12,11|6,15|6,15|6,15|6,15|6,15|6,15|6,15|6,15|6,15|6,15|6,15|6,15|6,15|6,15|
6,15|6,15|6,15|6,15|6,15|6,15|6,15|6,15|6,15|6,15|6,15|6,15|6,15|6,15|6,15|6,15|6,15|6,15|6,15|6,15|0,11|11,9|11,9|11,10|11,11|6,15|6,15|6,15|6,15|6,15|6,15|6,15|6,15|6,15|6,15|9,16|6,15|6,15|6,15|6,15|6,15|6,15|6,15|6,15|6,15|6,15|6,15|6,15|6,15|6,15|6,15|6,15|6,15|6,15|6,15|6,15|6,15|6,15|6,15|6,15|6,15|6,15|6,15|6,15|6,15|6,15|6,15|6,15|6,15|6,15|6,15|6,15|6,15|6,15|6,15|6,15|6,15|6,15|6,15|6,15|6,15|6,15|6,15|6,15|6,15|6,15|6,15|6,15|6,15|6,15|6,15|6,15|6,15|6,15|6,15|6,15|4,11|15,10|12,11|6,15|3,11|9,10|10,9|10,9|11,10|12,11|6,15|3,11|14,10|10,10|11,9|11,9|11,9|11,9|11,9|11,10|13,10|12,11|6,15|6,15|6,15|6,15|6,15|6,15|6,15|6,15|6,15|6,15|6,15|6,15|
6,15|6,15|6,15|6,15|6,15|6,15|6,15|6,15|6,15|6,15|6,15|6,15|6,15|6,15|6,15|6,15|6,15|6,15|6,15|6,15|0,11|11,9|11,9|11,9|11,10|12,11|6,15|6,15|6,15|6,15|6,15|6,15|6,15|6,15|6,15|6,15|6,15|6,15|6,15|6,15|6,15|6,15|6,15|6,15|6,15|6,15|6,15|6,15|6,15|6,15|6,15|6,15|6,15|15,16|6,15|6,15|6,15|6,15|6,15|6,15|6,15|6,15|6,15|6,15|6,15|6,15|6,15|6,15|6,15|6,15|6,15|6,15|6,15|6,15|6,15|6,15|6,15|6,15|6,15|6,15|6,15|6,15|6,15|6,15|6,15|6,15|6,15|6,15|6,15|6,15|6,15|6,15|6,15|6,15|6,15|4,11|10,10|11,9|11,10|15,10|10,10|11,9|11,9|11,9|11,9|11,10|15,10|11,9|11,9|11,9|11,9|11,9|11,9|11,9|11,9|11,9|11,9|11,10|11,11|6,15|6,15|6,15|6,15|6,15|6,15|6,15|6,15|6,15|6,15|6,15|
6,15|6,15|6,15|6,15|6,15|6,15|6,15|6,15|6,15|6,15|6,15|6,15|6,15|6,15|6,15|6,15|6,15|6,15|6,15|6,15|16,11|16,10|11,9|11,9|11,9|11,10|11,11|6,15|6,15|6,15|9,16|6,15|6,15|6,15|6,15|6,15|6,15|6,15|6,15|6,15|6,15|6,15|6,15|6,15|6,15|6,15|6,15|7,15|6,15|6,15|6,15|6,15|18,16|18,16|18,16|18,16|6,15|6,15|18,16|18,16|18,16|18,16|18,16|18,16|6,15|6,15|6,15|6,15|6,15|6,15|6,15|6,15|6,15|6,15|6,15|6,15|6,15|6,15|6,15|6,15|6,15|6,15|6,15|6,15|6,15|6,15|6,15|6,15|6,15|6,15|6,15|6,15|6,15|3,11|14,10|9,10|11,9|11,9|11,9|11,9|11,9|11,9|11,9|11,9|11,9|11,9|11,9|11,9|11,9|11,9|11,9|11,9|11,9|11,9|11,9|11,9|11,9|11,9|10,11|6,15|6,15|6,15|6,15|6,15|6,15|6,15|6,15|6,15|6,15|6,15|
7,15|7,15|7,15|7,15|7,15|7,15|7,15|7,15|7,15|7,15|7,15|7,15|7,15|7,15|7,15|7,15|7,15|7,15|7,15|7,15|7,15|17,11|16,10|11,9|11,9|11,9|10,11|7,15|7,15|7,15|7,15|7,15|7,15|7,15|7,15|7,15|7,15|7,15|7,15|7,15|7,15|7,15|7,15|7,15|7,15|7,15|7,15|7,15|7,15|7,15|7,15|18,16|15,16|7,15|7,15|7,15|7,15|7,15|18,16|14,15|7,15|7,15|7,15|7,15|7,15|7,15|7,15|7,15|7,15|7,15|7,15|7,15|7,15|7,15|7,15|7,15|7,15|7,15|7,15|7,15|7,15|7,15|7,15|7,15|7,15|7,15|7,15|7,15|7,15|7,15|7,15|7,15|3,11|10,10|11,9|11,9|11,9|11,9|11,9|11,9|11,9|11,9|11,9|11,9|11,9|11,9|11,9|11,9|11,9|11,9|11,9|11,9|11,9|11,9|11,9|11,9|11,9|11,9|9,11|7,15|7,15|7,15|7,15|7,15|7,15|7,15|7,15|7,15|7,15|7,15|
7,15|7,15|7,15|7,15|7,15|7,15|7,15|7,15|7,15|7,15|7,15|7,15|7,15|7,15|7,15|7,15|7,15|7,15|7,15|7,15|7,15|7,15|0,11|11,9|11,9|5,11|18,11|7,15|7,15|7,15|7,15|7,15|7,15|7,15|7,15|7,15|7,15|7,15|7,15|7,15|7,15|7,15|7,15|7,15|7,15|7,15|7,15|7,15|7,15|7,15|18,16|7,15|7,15|7,15|7,15|7,15|7,15|7,15|18,16|7,15|7,15|7,15|7,15|7,15|7,15|7,15|7,15|7,15|7,15|7,15|7,15|7,15|7,15|7,15|7,15|7,15|7,15|7,15|7,15|7,15|7,15|7,15|7,15|7,15|7,15|7,15|7,15|13,10|14,10|15,10|15,10|13,10|9,10|11,9|11,9|11,9|5,18|11,9|11,9|11,9|11,9|11,9|11,9|11,9|11,9|11,9|11,9|11,9|11,9|11,9|5,18|11,9|11,9|11,9|11,9|11,9|11,9|11,9|8,11|7,15|7,15|7,15|7,15|7,15|7,15|7,15|7,15|7,15|7,15|7,15|
7,15|7,15|0,16|7,15|7,15|7,15|7,15|7,15|7,15|7,15|7,15|7,15|7,15|7,15|7,15|7,15|7,15|7,15|7,15|7,15|7,15|7,15|1,11|11,9|11,9|8,11|7,15|7,15|7,15|7,15|7,15|7,15|7,15|7,15|7,15|7,15|7,15|7,15|7,15|7,15|16,15|7,15|7,15|7,15|7,15|7,15|7,15|7,15|7,15|7,15|18,16|7,15|7,15|7,15|7,15|7,15|7,15|7,15|18,16|7,15|18,16|18,16|18,16|18,16|7,15|7,15|7,15|7,15|7,15|7,15|7,15|7,15|7,15|7,15|7,15|7,15|7,15|7,15|7,15|7,15|7,15|7,15|7,15|7,15|7,15|7,15|10,10|11,9|11,9|11,9|11,9|7,10|7,10|11,9|11,9|11,9|11,9|11,9|11,9|11,9|5,18|11,9|11,9|11,9|11,9|11,9|11,9|11,9|11,9|5,18|11,9|11,9|11,9|11,9|11,9|11,9|11,9|11,9|11,10|11,11|7,15|7,15|7,15|7,15|7,15|7,15|7,15|7,15|7,15|7,15|
7,15|7,15|7,15|7,15|7,15|7,15|7,15|7,15|7,15|7,15|7,15|7,15|7,15|7,15|7,15|7,15|7,15|7,15|7,15|7,15|7,15|7,15|0,11|11,9|11,9|9,11|7,15|7,15|7,15|7,15|7,15|7,15|7,15|7,15|7,15|7,15|7,15|7,15|7,15|7,15|7,15|7,15|7,15|7,15|7,15|7,15|7,15|7,15|7,15|7,15|18,16|7,15|7,15|7,15|7,15|7,15|7,15|7,15|18,16|7,15|7,15|7,15|7,15|18,16|7,15|7,15|7,15|7,15|7,15|7,15|7,15|7,15|7,15|7,15|7,15|7,15|7,15|7,15|7,15|7,15|7,15|7,15|7,15|7,15|7,15|7,15|17,10|11,9|11,9|5,11|13,11|14,11|17,10|11,9|11,9|11,9|5,18|11,9|11,9|11,9|11,9|11,9|11,9|11,9|11,9|11,9|11,9|11,9|11,9|11,9|11,9|11,9|11,9|11,9|11,9|11,9|11,9|11,9|11,9|11,10|11,11|7,15|7,15|7,15|7,15|7,15|7,15|7,15|7,15|7,15|
7,15|7,15|7,15|7,15|7,15|7,15|7,15|7,15|7,15|7,15|7,15|7,15|7,15|7,15|7,15|7,15|7,15|7,15|7,15|7,15|7,15|7,15|9,16|11,9|11,9|10,11|7,15|7,15|7,15|7,15|7,15|7,15|7,15|7,15|7,15|7,15|7,15|7,15|7,15|7,15|7,15|7,15|7,15|7,15|7,15|7,15|7,15|7,15|7,15|7,15|16,15|18,16|7,15|7,15|7,15|7,15|7,15|7,15|18,16|7,15|7,15|7,15|7,15|18,16|7,15|7,15|7,15|7,15|7,15|7,15|7,15|7,15|7,15|7,15|7,15|7,15|7,15|7,15|7,15|7,15|7,15|7,15|7,15|7,15|7,15|4,11|9,10|11,9|11,9|9,11|7,15|7,15|18,10|11,9|11,9|11,9|11,9|11,9|5,18|11,9|11,9|11,9|11,9|11,9|11,9|11,9|11,9|11,9|11,9|11,9|11,9|11,9|11,9|11,9|11,9|11,9|11,9|11,9|11,9|11,9|11,10|12,11|7,15|7,15|7,15|7,15|7,15|7,15|7,15|7,15|
7,15|7,15|7,15|7,15|7,15|7,15|7,15|7,15|7,15|7,15|7,15|7,15|7,15|7,15|7,15|7,15|7,15|7,15|4,11|14,10|15,10|15,10|9,10|7,9|7,9|11,10|13,10|15,10|11,11|4,11|15,10|15,10|12,11|7,15|7,15|7,15|7,15|7,15|7,15|7,15|7,15|7,15|7,15|7,15|7,15|7,15|7,15|7,15|7,15|7,15|7,15|16,15|18,16|18,16|18,16|18,16|7,15|7,15|18,16|18,16|18,16|18,16|18,16|18,16|7,15|7,15|7,15|7,15|7,15|7,15|7,15|7,15|7,15|7,15|7,15|7,15|7,15|7,15|7,15|7,15|7,15|7,15|7,15|7,15|3,11|9,10|11,9|11,9|11,9|10,11|7,15|7,15|0,11|11,9|11,9|11,9|11,9|5,18|11,9|11,9|11,9|11,9|11,9|11,9|11,9|11,9|11,9|11,9|11,9|11,9|11,9|11,9|11,9|11,9|13,17|11,9|11,9|11,9|11,9|11,9|11,9|11,10|13,10|14,10|15,10|15,10|15,10|13,10|13,10|15,10|
7,15|7,15|7,15|0,16|7,15|7,15|7,15|7,15|7,15|7,15|7,15|4,11|15,10|14,10|13,10|15,10|14,10|13,10|10,10|11,9|11,9|11,9|11,9|11,9|11,9|11,9|11,9|12,9|11,10|9,10|14,9|12,9|11,10|11,11|7,15|7,15|7,15|7,15|7,15|7,15|7,15|7,15|7,15|7,15|7,15|7,15|7,15|7,15|7,15|7,15|7,15|7,15|7,15|7,15|7,15|7,15|7,15|7,15|7,15|7,15|7,15|7,15|7,15|7,15|7,15|7,15|7,15|7,15|7,15|7,15|7,15|7,15|7,15|7,15|7,15|7,15|7,15|7,15|7,15|7,15|7,15|7,15|7,15|4,11|10,10|11,9|11,9|11,9|6,11|0,12|7,15|7,15|16,11|16,10|11,9|11,9|11,9|11,9|11,9|11,9|11,9|5,11|13,11|13,11|13,11|13,11|16,10|11,9|11,9|11,9|11,9|11,9|11,9|11,9|11,9|11,9|11,9|11,9|11,9|11,9|17,9|17,9|17,9|17,9|17,9|17,9|17,9|17,9|17,9|12,9|
7,15|7,15|7,15|7,15|7,15|7,15|7,15|7,15|7,15|4,11|13,10|10,10|7,9|7,9|11,9|11,9|11,9|11,9|10,9|11,9|11,9|11,9|11,9|11,9|11,9|11,9|11,9|12,9|14,9|14,9|12,9|12,9|12,9|11,10|12,11|7,15|7,15|7,15|7,15|7,15|7,15|7,15|7,15|7,15|7,15|7,15|7,15|7,15|7,15|7,15|7,15|7,15|7,15|7,15|7,15|7,15|7,15|7,15|7,15|7,15|7,15|7,15|7,15|7,15|7,15|7,15|7,15|7,15|7,15|7,15|7,15|7,15|7,15|7,15|7,15|7,15|7,15|7,15|7,15|7,15|7,15|7,15|4,11|10,10|11,9|11,9|6,11|14,11|18,11|7,15|7,15|7,15|7,15|18,10|11,9|11,9|11,9|11,9|11,9|11,9|6,11|0,12|11,15|11,15|11,15|11,15|17,11|15,11|14,11|17,10|11,9|11,9|11,9|11,9|11,9|11,9|11,9|11,9|11,9|11,9|11,9|6,11|13,11|14,11|15,11|13,11|13,11|14,11|14,11|14,11|
7,15|7,15|7,15|7,15|7,15|7,15|7,15|7,15|3,11|9,10|11,9|11,9|11,9|11,9|11,9|11,9|11,9|11,9|11,9|11,9|11,9|11,9|11,9|11,9|5,18|11,9|11,9|5,11|14,11|17,10|12,9|12,9|12,9|12,9|9,11|7,15|7,15|7,15|7,15|7,15|7,15|7,15|7,15|7,15|7,15|7,15|7,15|7,15|7,15|7,15|7,15|7,15|7,15|7,15|7,15|7,15|7,15|7,15|7,15|7,15|7,15|7,15|7,15|7,15|7,15|7,15|7,15|7,15|7,15|7,15|7,15|7,15|7,15|7,15|7,15|7,15|7,15|7,15|7,15|7,15|7,15|4,11|9,10|11,9|11,9|12,9|10,11|7,15|7,15|7,15|7,15|7,15|4,11|10,10|11,9|11,9|11,9|11,9|11,9|6,11|0,12|11,15|11,15|11,15|11,15|11,15|11,15|11,15|11,15|18,10|11,9|11,9|11,9|11,9|11,9|11,9|11,9|11,9|11,9|11,9|6,11|18,11|7,15|7,15|7,15|7,15|7,15|7,15|7,15|7,15|
4,11|15,10|13,10|13,10|14,10|13,10|15,10|15,10|9,10|9,17|15,9|11,9|5,11|14,11|14,11|14,11|14,11|14,11|14,11|14,11|15,11|15,11|13,11|13,11|13,11|13,11|13,11|18,11|7,15|17,11|17,10|12,9|12,9|12,9|11,10|15,10|15,10|14,10|13,10|15,10|15,10|14,10|12,11|7,15|7,15|7,15|7,15|7,15|7,15|7,15|7,15|7,15|7,15|7,15|7,15|7,15|7,15|7,15|7,15|7,15|7,15|7,15|7,15|7,15|7,15|7,15|7,15|7,15|7,15|7,15|7,15|7,15|7,15|7,15|7,15|7,15|7,15|7,15|7,15|7,15|3,11|10,10|11,9|11,9|12,9|12,9|9,11|7,15|7,15|7,15|7,15|4,11|10,10|11,9|11,9|11,9|11,9|11,9|5,11|18,11|11,15|11,15|11,15|11,15|11,15|11,15|11,15|11,15|11,15|0,11|11,9|11,9|11,9|11,9|11,9|11,9|11,9|11,9|11,9|6,11|18,11|7,15|7,15|7,15|7,15|7,15|7,15|7,15|7,15|7,15|
10,10|13,9|13,9|10,9|10,9|7,9|11,9|11,9|11,9|11,9|12,9|5,11|0,12|7,15|7,15|7,15|7,15|7,15|7,15|7,15|7,15|7,15|7,15|7,15|7,15|7,15|7,15|7,15|7,15|7,15|16,11|17,10|12,9|12,9|9,9|12,9|12,9|12,9|12,9|12,9|12,9|12,9|11,10|11,11|7,15|7,15|7,15|7,15|7,15|7,15|7,15|7,15|4,11|14,10|13,10|15,10|15,10|14,10|13,10|15,10|11,11|7,15|7,15|7,15|7,15|7,15|7,15|7,15|7,15|4,11|13,10|15,10|15,10|14,10|13,10|15,10|15,10|13,10|15,10|13,10|9,10|11,9|11,9|11,9|12,9|5,11|0,12|7,15|7,15|7,15|3,11|9,10|11,9|11,9|11,9|11,9|11,9|11,9|10,11|11,15|11,15|11,15|11,15|11,15|11,15|11,15|11,15|11,15|11,15|1,11|11,9|11,9|11,9|11,9|11,9|11,9|11,9|11,9|11,9|8,11|7,15|7,15|7,15|7,15|7,15|7,15|7,15|7,15|7,15|7,15|
7,9|7,9|7,9|1,18|15,17|17,17|7,9|9,17|5,11|14,11|13,11|0,12|7,15|7,15|7,15|7,15|7,15|7,15|7,15|7,15|7,15|7,15|7,15|7,15|7,15|7,15|7,15|7,15|7,15|7,15|7,15|17,11|17,10|12,9|12,9|12,9|12,9|12,9|12,9|12,9|12,9|12,9|14,9|11,10|12,11|7,15|7,15|7,15|7,15|7,15|7,15|3,11|9,10|15,9|15,9|15,9|15,9|15,9|15,9|15,9|11,10|12,11|7,15|4,11|13,10|15,10|15,10|15,10|14,10|10,10|12,9|12,9|12,9|13,17|11,9|11,9|11,9|11,9|11,9|11,9|11,9|11,9|11,9|12,9|12,9|10,11|7,15|7,15|7,15|3,11|9,10|11,9|11,9|11,9|11,9|11,9|11,9|11,9|9,11|11,15|11,15|11,15|11,15|11,15|11,15|11,15|11,15|11,15|11,15|18,10|11,9|11,9|11,9|11,9|11,9|11,9|11,9|11,9|11,9|10,11|7,15|7,15|7,15|7,15|7,15|7,15|7,15|7,15|7,15|7,15|
7,9|7,9|7,9|7,9|7,9|7,9|7,9|7,9|9,11|7,15|7,15|7,15|7,15|7,15|7,15|7,15|7,15|7,15|7,15|7,15|7,15|7,15|7,15|7,15|7,15|7,15|7,15|7,15|7,15|7,15|7,15|7,15|17,11|15,11|14,11|13,11|13,11|15,11|13,11|13,11|16,10|14,9|14,9|14,9|11,10|11,11|7,15|7,15|7,15|7,15|4,11|9,10|11,9|11,9|11,9|11,9|11,9|11,9|11,9|11,9|11,9|11,10|14,10|9,10|11,9|11,9|11,9|15,9|11,9|11,9|11,9|12,9|12,9|12,9|12,9|12,9|12,9|12,9|12,9|12,9|12,9|12,9|11,17|12,9|6,11|0,12|7,15|7,15|7,15|18,10|11,9|11,9|11,9|11,9|11,9|11,9|11,9|6,11|18,11|11,15|11,15|11,15|11,15|11,15|5,17|11,15|11,15|11,15|4,11|10,10|11,9|11,9|11,9|15,17|11,9|11,9|11,9|11,9|11,9|10,11|7,15|7,15|7,15|7,15|7,15|7,15|7,15|7,15|7,15|7,15|
7,9|7,9|7,9|7,9|7,9|5,18|7,9|7,9|8,11|7,15|7,15|7,15|7,15|7,15|7,15|7,15|7,15|7,15|7,15|7,15|7,15|7,15|7,15|7,15|7,15|7,15|7,15|7,15|7,15|7,15|7,15|7,15|7,15|7,15|7,15|7,15|7,15|7,15|7,15|7,15|16,11|16,10|14,9|14,9|14,9|11,10|12,11|7,15|7,15|4,11|10,10|11,9|11,9|11,9|11,9|11,9|11,9|11,9|11,9|11,9|11,9|11,9|11,9|11,9|11,9|11,9|11,9|1,18|11,9|11,9|11,9|12,9|12,9|12,9|12,9|12,9|12,9|12,9|12,9|12,9|12,9|12,9|12,9|6,11|18,11|7,15|7,15|7,15|7,15|9,10|11,9|11,9|11,9|11,9|11,9|11,9|11,9|8,11|11,15|11,15|11,15|11,15|11,15|11,15|11,15|11,15|11,15|11,15|0,11|11,9|11,9|11,9|11,9|11,9|11,9|11,9|11,9|11,9|11,9|9,11|7,15|7,15|7,15|7,15|7,15|7,15|7,15|7,15|7,15|7,15|
7,9|7,9|1,18|7,9|7,9|7,9|11,9|7,9|10,11|7,15|7,15|7,15|7,15|7,15|7,15|7,15|7,15|7,15|7,15|7,15|7,15|7,15|7,15|7,15|7,15|7,15|7,15|7,15|7,15|7,15|7,15|7,15|7,15|7,15|7,15|7,15|7,15|7,15|7,15|7,15|7,15|18,10|3,18|14,9|14,9|14,9|11,10|12,11|4,11|9,10|11,9|1,18|11,9|11,9|11,9|11,9|11,9|11,9|11,9|11,9|11,9|11,9|11,9|11,9|11,9|11,9|11,9|11,9|11,9|11,9|11,9|12,9|12,9|12,9|12,9|12,9|12,9|12,9|12,9|12,9|12,9|12,9|5,11|18,11|7,15|7,15|7,15|4,11|10,10|9,9|11,9|11,9|11,9|11,9|11,9|11,9|11,9|11,10|11,11|11,15|11,15|11,15|11,15|11,15|11,15|11,15|11,15|11,15|1,11|11,9|11,9|11,9|11,9|11,9|11,9|11,9|11,9|11,9|5,11|0,12|7,15|7,15|7,15|7,15|7,15|7,15|7,15|7,15|7,15|7,15|
7,9|7,9|7,9|7,9|13,17|7,9|7,9|7,9|9,11|7,15|7,15|7,15|7,15|7,15|7,15|7,15|7,15|7,15|7,15|7,15|7,15|7,15|7,15|7,15|7,15|7,15|7,15|7,15|7,15|2,16|7,15|7,15|7,15|7,15|7,15|7,15|7,15|7,15|7,15|7,15|7,15|18,10|11,9|11,9|14,9|14,9|14,9|11,10|9,10|11,9|11,9|11,9|11,9|11,9|11,9|11,9|11,9|11,9|11,9|11,9|1,18|11,9|11,9|11,9|11,9|11,9|11,9|11,9|11,9|11,9|11,9|12,9|12,9|12,9|12,9|12,9|12,9|12,9|12,9|12,9|12,9|5,11|0,12|7,15|7,15|7,15|4,11|10,10|11,9|11,9|11,9|11,9|11,9|11,9|11,9|11,9|11,9|5,11|0,12|11,15|11,15|11,15|11,15|11,15|11,15|11,15|11,15|3,11|10,10|11,9|11,9|11,9|11,9|15,17|11,9|11,9|6,11|13,11|0,12|7,15|7,15|7,15|7,15|7,15|7,15|7,15|7,15|7,15|7,15|7,15|
7,9|7,9|7,9|7,9|7,9|1,18|7,9|7,9|8,11|7,15|7,15|7,15|7,15|7,15|7,15|7,15|7,15|7,15|7,15|7,15|7,15|7,15|7,15|7,15|7,15|7,15|7,15|7,15|7,15|7,15|7,15|7,15|7,15|7,15|7,15|7,15|7,15|7,15|7,15|7,15|7,15|0,11|11,9|11,9|11,9|6,11|16,10|15,9|15,9|11,9|11,9|11,9|11,9|11,9|11,9|11,9|1,18|11,9|11,9|11,9|11,9|11,9|11,9|11,9|11,9|11,9|11,9|11,9|11,9|11,9|11,9|12,9|12,9|12,9|12,9|12,9|12,9|12,9|12,9|12,9|5,11|18,11|7,15|7,15|7,15|3,11|9,10|11,9|11,9|11,9|11,9|11,9|11,9|11,9|11,9|11,9|11,9|10,11|11,15|11,15|11,15|11,15|11,15|11,15|11,15|11,15|11,15|18,10|11,9|11,9|11,9|11,9|11,9|11,9|11,9|11,9|9,11|7,15|7,15|7,15|7,15|7,15|7,15|7,15|7,15|7,15|7,15|7,15|7,15|7,15|
16,10|10,9|10,9|10,9|10,9|10,9|10,9|10,9|10,11|7,15|7,15|7,15|7,15|7,15|7,15|7,15|7,15|7,15|7,15|7,15|7,15|7,15|7,15|7,15|7,15|7,15|7,15|7,15|7,15|7,15|7,15|7,15|7,15|7,15|7,15|7,15|7,15|7,15|7,15|7,15|7,15|16,11|17,10|11,9|11,9|8,11|18,10|15,9|11,9|11,9|11,9|11,9|11,9|11,9|11,9|11,9|11,9|11,9|11,9|11,9|11,9|11,9|11,9|11,9|11,9|1,18|11,9|11,9|11,9|11,9|11,9|6,11|13,11|14,11|15,11|14,11|13,11|13,11|13,11|15,11|18,11|7,15|7,15|7,15|7,15|0,11|11,9|11,9|11,9|11,9|11,9|11,9|11,9|11,9|11,9|11,9|11,9|11,10|14,10|15,10|13,10|15,10|15,10|15,10|12,11|11,15|4,11|9,10|11,9|11,9|15,17|11,9|11,9|11,9|11,9|11,9|10,11|7,15|7,15|7,15|7,15|7,15|7,15|7,15|7,15|7,15|7,15|7,15|7,15|7,15|
17,11|15,11|13,11|14,11|13,11|13,11|15,11|14,11|0,12|7,15|7,15|7,15|7,15|7,15|7,15|7,15|7,15|7,15|7,15|7,15|7,15|7,15|7,15|7,15|7,15|7,15|7,15|7,15|7,15|7,15|7,15|7,15|7,15|7,15|7,15|7,15|7,15|7,15|7,15|7,15|7,15|4,11|9,10|11,9|6,11|18,11|17,11|15,11|14,11|17,10|11,9|11,9|11,9|11,9|11,9|11,9|11,9|11,9|1,18|11,9|11,9|11,9|11,9|11,9|11,9|11,9|11,9|11,9|11,9|11,9|5,11|18,11|7,15|7,15|7,15|7,15|7,15|7,15|7,15|7,15|7,15|7,15|7,15|7,15|7,15|18,10|11,9|11,9|11,9|11,9|11,9|11,9|11,9|11,9|11,9|11,9|11,9|11,9|11,9|11,9|11,9|11,9|11,9|11,9|11,10|14,10|9,10|11,9|11,9|11,9|11,9|11,9|11,9|11,9|11,9|11,9|9,11|7,15|7,15|7,15|7,15|7,15|7,15|7,15|7,15|7,15|7,15|7,15|7,15|7,15|
7,15|7,15|7,15|7,15|7,15|7,15|7,15|7,15|7,15|7,15|7,15|7,15|7,15|7,15|7,15|7,15|7,15|7,15|7,15|7,15|7,15|7,15|7,15|7,15|7,15|7,15|7,15|7,15|7,15|7,15|7,15|7,15|7,15|7,15|7,15|7,15|7,15|7,15|7,15|7,15|7,15|1,11|11,9|11,9|10,11|7,15|7,15|7,15|7,15|17,11|16,10|11,9|11,9|11,9|11,9|11,9|11,9|11,9|11,9|11,9|11,9|11,9|11,9|6,11|14,11|17,10|11,9|11,9|11,9|10,9|10,11|7,15|7,15|7,15|7,15|7,15|7,15|7,15|7,15|7,15|7,15|7,15|7,15|7,15|7,15|18,10|11,9|11,9|11,9|11,9|11,9|11,9|11,9|11,9|11,9|11,9|11,9|11,9|11,9|11,9|11,9|11,9|11,9|11,9|11,9|11,9|11,9|11,9|11,9|11,9|11,9|11,9|11,9|11,9|11,9|11,9|10,11|7,15|7,15|7,15|7,15|7,15|7,15|7,15|7,15|7,15|7,15|7,15|7,15|7,15|
7,15|7,15|7,15|7,15|7,15|7,15|7,15|7,15|7,15|7,15|7,15|7,15|7,15|7,15|7,15|7,15|7,15|7,15|7,15|7,15|7,15|7,15|7,15|7,15|7,15|7,15|7,15|7,15|7,15|7,15|7,15|7,15|7,15|7,15|7,15|7,15|7,15|7,15|7,15|7,15|7,15|1,11|11,9|11,9|10,11|7,15|7,15|7,15|7,15|7,15|16,11|17,10|11,9|11,9|11,9|11,9|11,9|11,9|11,9|11,9|11,9|11,9|6,11|18,11|1,17|18,10|11,9|11,9|10,9|10,9|11,10|7,15|7,15|7,15|7,15|7,15|7,15|7,15|6,17|7,15|7,15|7,15|7,15|7,15|7,15|17,11|16,10|11,9|11,9|11,9|11,9|11,9|11,9|11,9|11,9|11,9|11,9|11,9|11,9|11,9|11,9|11,9|11,9|11,9|11,9|11,9|11,9|11,9|11,9|11,9|11,9|11,9|11,9|11,9|11,9|11,9|9,11|7,15|7,15|7,15|7,15|7,15|7,15|7,15|7,15|7,15|7,15|7,15|7,15|7,15|
7,15|7,15|7,15|7,15|7,15|7,15|7,15|7,15|7,15|7,15|7,15|7,15|7,15|7,15|7,15|7,15|7,15|7,15|7,15|7,15|7,15|7,15|7,15|7,15|7,15|7,15|7,15|7,15|7,15|7,15|7,15|7,15|7,15|7,15|7,15|7,15|7,15|7,15|7,15|7,15|7,15|16,11|16,10|11,9|11,10|12,11|7,15|7,15|7,15|7,15|7,15|17,11|16,10|11,9|11,9|11,9|11,9|11,9|11,9|11,9|11,9|11,9|11,10|15,10|15,10|9,10|11,9|5,11|13,11|16,10|10,9|11,10|11,11|7,15|7,15|7,15|7,15|7,15|7,15|7,15|7,15|7,15|7,15|7,15|7,15|7,15|18,10|11,9|11,9|11,9|11,9|11,9|11,9|3,18|11,9|11,9|11,9|11,9|11,9|11,9|11,9|11,9|11,9|11,9|11,9|11,9|11,9|11,9|11,9|11,9|11,9|11,9|11,9|11,9|11,9|11,9|8,11|7,15|7,15|7,15|7,15|7,15|7,15|7,15|7,15|7,15|7,15|7,15|7,15|7,15|
6,15|6,15|6,15|6,15|6,15|6,15|6,15|6,15|6,15|6,15|6,15|6,15|6,15|6,15|6,15|6,15|6,15|6,15|6,15|6,15|6,15|6,15|6,15|6,15|6,15|6,15|6,15|6,15|6,15|6,15|6,15|6,15|6,15|6,15|6,15|6,15|6,15|6,15|6,15|6,15|6,15|6,15|16,11|16,10|11,9|8,11|6,15|6,15|6,15|6,15|6,15|6,15|16,11|14,11|16,15|13,11|16,10|10,9|10,9|6,11|13,11|16,10|11,9|11,9|11,9|11,9|5,11|0,12|6,15|16,11|16,10|10,9|11,10|11,11|6,15|6,15|6,15|6,15|6,15|6,15|6,15|6,15|6,15|6,15|6,15|6,15|16,11|16,10|11,9|11,9|11,9|11,9|11,9|11,9|11,9|11,9|11,9|11,9|11,9|11,9|11,9|11,9|11,9|11,9|11,9|11,9|11,9|11,9|11,9|11,9|11,9|11,9|11,9|11,9|11,9|11,9|8,11|6,15|6,15|6,15|6,15|6,15|6,15|6,15|6,15|6,15|6,15|6,15|6,15|6,15|
6,15|6,15|6,15|6,15|6,15|6,15|6,15|6,15|6,15|6,15|6,15|6,15|6,15|6,15|6,15|6,15|6,15|6,15|6,15|6,15|6,15|6,15|6,15|6,15|6,15|6,15|6,15|6,15|6,15|6,15|6,15|6,15|6,15|6,15|6,15|6,15|6,15|6,15|6,15|6,15|6,15|6,15|6,15|18,10|11,9|9,11|6,15|6,15|6,15|6,15|6,15|6,15|6,15|6,15|6,15|6,15|18,10|10,9|10,9|10,11|6,15|17,11|17,10|13,9|13,9|6,11|18,11|6,15|6,15|6,15|17,11|16,10|10,9|11,10|12,11|6,15|6,15|6,15|6,15|6,15|6,15|6,15|6,17|6,15|6,15|6,15|6,15|17,11|16,10|11,9|10,9|11,9|11,9|11,9|11,9|11,9|11,9|11,9|11,9|11,9|11,9|11,9|11,9|11,9|11,9|11,9|11,9|11,9|11,9|11,9|11,9|11,9|11,9|11,9|11,9|5,11|18,11|6,15|6,15|6,15|6,15|6,15|6,15|6,15|6,15|6,15|6,15|6,15|6,15|6,15|
6,15|6,15|6,15|6,15|6,15|6,15|6,15|6,15|6,15|6,15|6,15|6,15|6,15|6,15|6,15|6,15|6,15|6,15|6,15|6,15|6,15|6,15|6,15|6,15|6,15|6,15|6,15|6,15|6,15|6,15|6,15|6,15|6,15|6,15|6,15|6,15|6,15|6,15|6,15|6,15|6,15|6,15|6,15|0,11|11,9|10,11|6,15|6,15|6,15|6,15|6,15|6,15|6,15|6,15|6,15|6,15|18,10|10,9|10,9|8,11|5,16|6,15|16,11|15,11|14,11|18,11|6,15|6,15|6,15|6,15|6,15|18,10|10,9|10,9|8,11|6,15|6,15|6,15|6,15|6,15|6,15|6,15|6,15|6,15|6,15|6,15|6,15|6,15|0,11|11,9|10,9|11,9|11,9|11,9|11,9|11,9|11,9|11,9|11,9|11,9|5,11|13,11|16,10|11,9|11,9|11,9|11,9|11,9|11,9|11,9|11,9|6,11|13,11|14,11|15,11|0,12|6,15|6,15|6,15|6,15|6,15|6,15|6,15|6,15|6,15|6,15|6,15|6,15|6,15|6,15|
6,15|6,15|6,15|6,15|6,15|6,15|6,15|6,15|6,15|6,15|6,15|6,15|6,15|6,15|6,15|6,15|6,15|6,15|6,15|6,15|6,15|6,15|6,15|6,15|6,15|6,15|6,15|6,15|6,15|6,15|6,15|6,15|6,15|6,15|6,15|6,15|6,15|6,15|6,15|6,15|6,15|6,15|4,11|9,10|11,9|11,10|12,11|6,15|6,15|6,15|6,15|6,15|6,15|6,15|6,15|6,15|0,11|10,9|10,9|8,11|6,15|6,15|6,15|6,15|6,15|6,15|6,15|6,15|6,15|6,15|6,15|1,11|10,9|10,9|10,11|6,15|6,15|6,15|6,15|6,15|6,15|6,15|6,15|6,15|6,15|6,15|6,15|6,15|17,11|17,10|10,9|11,9|11,9|5,11|14,11|15,11|15,11|13,11|13,11|13,11|18,11|6,15|17,11|16,10|11,9|11,9|11,9|11,9|11,9|11,9|6,11|0,12|6,15|6,15|6,15|6,15|6,15|6,15|6,15|6,15|6,15|6,15|6,15|6,15|6,15|6,15|6,15|6,15|6,15|6,15|
6,15|6,15|6,15|6,15|6,15|6,15|6,15|6,15|6,15|6,15|6,15|6,15|6,15|6,15|6,15|6,15|6,15|6,15|6,15|6,15|6,15|6,15|6,15|6,15|6,15|6,15|6,15|6,15|4,16|6,15|6,15|6,15|6,15|6,15|6,15|6,15|6,15|6,15|6,15|6,15|6,15|4,11|9,10|9,9|9,9|5,11|18,11|6,15|6,15|6,15|6,15|6,15|6,15|6,15|6,15|6,15|1,11|10,9|10,9|9,11|6,15|6,15|6,15|6,15|6,15|6,15|6,15|6,15|6,15|6,15|6,15|0,11|10,9|10,9|9,11|6,15|6,15|6,15|6,15|6,15|6,15|6,15|6,15|6,15|6,15|6,15|6,15|6,15|6,15|16,11|17,10|11,9|5,11|0,12|6,15|6,15|6,15|6,15|6,15|6,15|6,15|6,15|6,15|16,11|17,10|11,9|11,9|11,9|14,9|6,11|18,11|6,15|6,15|6,15|6,15|6,15|6,15|6,15|6,15|6,15|6,15|6,15|6,15|6,15|6,15|6,15|6,15|6,15|6,15|6,15|
6,15|6,15|6,15|6,15|6,15|6,15|6,15|6,15|6,15|6,15|9,16|9,16|9,16|6,15|6,15|6,15|6,15|6,15|6,15|6,15|6,15|6,15|6,15|6,15|6,15|6,15|6,15|6,15|6,15|6,15|6,15|6,15|6,15|6,15|6,15|6,15|6,15|6,15|6,15|16,15|3,11|9,10|9,9|9,9|9,9|8,11|6,15|6,15|6,15|6,15|6,15|6,15|6,15|6,15|6,15|6,15|0,11|10,9|10,9|10,11|6,15|6,15|6,15|6,15|6,15|6,15|6,15|6,15|6,15|6,15|6,15|18,10|10,9|11,9|8,11|6,15|6,15|6,15|6,15|6,15|6,15|6,15|6,15|6,15|6,15|6,15|6,15|6,15|6,15|6,15|18,10|11,9|10,11|6,15|6,15|6,15|6,15|6,15|6,15|6,15|6,15|6,15|6,15|6,15|17,11|16,10|10,9|10,9|5,11|18,11|6,15|6,15|6,15|6,15|6,15|6,15|6,15|6,15|6,15|6,15|6,15|6,15|6,15|6,15|6,15|6,15|6,15|6,15|6,15|6,15|
